TITLE = "PROPAN_40"
VARIABLES="r/R","POTW","POT(1)","POT(N)","CP(1)","CP(N)","DELTACP"
ZONE T="BLADE WAKE T=0", I=    21 F=POINT
   0.3004627080227494E+00  -0.4334793153832300E-02   0.2017948589694572E+00   0.1973289708327888E+00   0.9010116246470007E+00   0.9010416219336508E+00   0.2999728665009638E-04
   0.3168406490677329E+00  -0.3206502652442316E-02   0.2007386064835519E+00   0.1974754573381471E+00   0.8820638242903773E+00   0.8820795888656552E+00   0.1576457527785458E-04
   0.3323961157685058E+00  -0.1545641012532444E-02   0.1993271545390967E+00   0.1976987056646029E+00   0.8602989650459283E+00   0.8603197111984773E+00   0.2074615254898937E-04
   0.3552859789383376E+00   0.1311551602912338E-02   0.1971718695072783E+00   0.1983975477332270E+00   0.8317150256784117E+00   0.8317353897630783E+00   0.2036408466654649E-04
   0.3849892511075458E+00   0.5589304985029515E-02   0.1943968630731505E+00   0.1998903232883914E+00   0.7960476496248605E+00   0.7960675917726348E+00   0.1994214777423231E-04
   0.4208296718254219E+00   0.1097381264124431E-01   0.1914001788179389E+00   0.2022482983739702E+00   0.7531564860823171E+00   0.7531799740165660E+00   0.2348793424888918E-04
   0.4619919806120196E+00   0.1671143487597461E-01   0.1886372034145587E+00   0.2051849255065126E+00   0.7075990702416768E+00   0.7076238250225667E+00   0.2475478088992400E-04
   0.5075409951678820E+00   0.2265578782722704E-01   0.1860242837230718E+00   0.2084558871025755E+00   0.6445991759524222E+00   0.6446236131956009E+00   0.2443724317868767E-04
   0.5564396490616224E+00   0.2881297563878373E-01   0.1834160662873886E+00   0.2119276922549496E+00   0.5550755100199450E+00   0.5550961957844511E+00   0.2068576450608983E-04
   0.6075755784502673E+00   0.3475468753366576E-01   0.1810577899771036E+00   0.2154389419839980E+00   0.4499016826624127E+00   0.4499167221121765E+00   0.1503944976377625E-04
   0.6597856193247564E+00   0.4022346171216770E-01   0.1792124872066170E+00   0.2189899590302395E+00   0.3470430069529645E+00   0.3470531333203717E+00   0.1012636740715944E-04
   0.7118830924910993E+00   0.4502867718742757E-01   0.1780494427734465E+00   0.2226060324807916E+00   0.2612075787678129E+00   0.2612134891448291E+00   0.5910377016249413E-05
   0.7626792746422448E+00   0.4918880237436277E-01   0.1775264150423573E+00   0.2262355481634620E+00   0.2008654144962609E+00   0.2008690937239942E+00   0.3679227733255352E-05
   0.8110046962784512E+00   0.5278471700329216E-01   0.1771570261107188E+00   0.2294823594816596E+00   0.1515500578681955E+00   0.1515528338936853E+00   0.2776025489814593E-05
   0.8557732148996723E+00   0.5573463479715324E-01   0.1765577871751051E+00   0.2318675167370278E+00   0.1047859439881501E+00   0.1047880012700737E+00   0.2057281923595333E-05
   0.8959535341391418E+00   0.5772616037298771E-01   0.1755800176772203E+00   0.2329536994150888E+00   0.5916123318983801E-01   0.5916266500237255E-01   0.1431812534535837E-05
   0.9306503813612781E+00   0.5863010760354419E-01   0.1741210380547282E+00   0.2324831598139928E+00   0.1444583863871474E-01   0.1444668347410227E-01   0.8448353875367687E-06
   0.9589533263480370E+00   0.5865161758069425E-01   0.1716272716412835E+00   0.2301283536602693E+00  -0.2700526180160856E-01  -0.2700523465593818E-01   0.2714567037820359E-07
   0.9805153935271920E+00   0.5774771814362093E-01   0.1686503619980552E+00   0.2263400308051447E+00  -0.4874644722082344E-01  -0.4874652131399060E-01  -0.7409316715722980E-07
   0.9947523053770850E+00   0.5645950481350066E-01   0.1662762085930475E+00   0.2227229925502161E+00  -0.7107594751618884E-01  -0.7107575490512041E-01   0.1926110684280502E-06
   0.1003447916026326E+01   0.5507665959823997E-01   0.1647438669941681E+00   0.2199255730827022E+00  -0.7676908532765925E-01  -0.7675505518785508E-01   0.1403013980416645E-04
ZONE T="NOZZLE WAKE T=0", I=    30 F=POINT
   0.1500221610901093E+01   0.2854534395241798E+00   0.9213003534491110E-02   0.2956942843799453E+00  -0.4159864422181633E-02  -0.4165906680725804E-02  -0.6042258544171689E-05
   0.4500221610901107E+01   0.2848045157327970E+00   0.9119069545821524E-02   0.2943191655285399E+00  -0.3418012280201518E-02  -0.3425311810922427E-02  -0.7299530720909168E-05
   0.7500221610901107E+01   0.2825376145860345E+00   0.9079571395880358E-02   0.2927837364589416E+00  -0.2741851034001454E-02  -0.2747477584037265E-02  -0.5626550035810630E-05
   0.1050022161090109E+02   0.2814718431398646E+00   0.9042567383065457E-02   0.2911167801449509E+00  -0.2414622234650002E-02  -0.2418886164749619E-02  -0.4263930099616692E-05
   0.1350022161090109E+02   0.2788875692329949E+00   0.9050177336403360E-02   0.2893169995697180E+00  -0.2283338550410094E-02  -0.2286656358518276E-02  -0.3317808108182010E-05
   0.1650022161090109E+02   0.2777741605284650E+00   0.9030280972555283E-02   0.2874868062305415E+00  -0.2246100914195751E-02  -0.2248661750427282E-02  -0.2560836231530611E-05
   0.1950022161090111E+02   0.2750440129501310E+00   0.9046835113436801E-02   0.2855869434261841E+00  -0.2258600937105319E-02  -0.2260636632623030E-02  -0.2035695517711624E-05
   0.2250022161090112E+02   0.2740271884791801E+00   0.9019235500409095E-02   0.2837059431875576E+00  -0.2293104624942743E-02  -0.2294714672970870E-02  -0.1610048028126594E-05
   0.2550022161090109E+02   0.2711713404737023E+00   0.9029982966372013E-02   0.2817724345759023E+00  -0.2272564285605468E-02  -0.2273903636816739E-02  -0.1339351211271378E-05
   0.2850022161090109E+02   0.2702871262482650E+00   0.8991261254991409E-02   0.2798761318933876E+00  -0.2255146084110946E-02  -0.2256248930507479E-02  -0.1102846396533377E-05
   0.3150022161090109E+02   0.2672935603365166E+00   0.8999141435617784E-02   0.2779281431822381E+00  -0.2214407891029018E-02  -0.2215379913765844E-02  -0.9720227368260025E-06
   0.3450022161090109E+02   0.2665826629259577E+00   0.8946732315881417E-02   0.2760310493584788E+00  -0.2160157424026618E-02  -0.2161012331217415E-02  -0.8549071907970954E-06
   0.3750022161090109E+02   0.2634040933843894E+00   0.8953145244145809E-02   0.2740738898430102E+00  -0.2101602376651083E-02  -0.2102420920523016E-02  -0.8185438719328191E-06
   0.4050022161090112E+02   0.2628570784322459E+00   0.8899677864149401E-02   0.2721727327348665E+00  -0.2055070394696241E-02  -0.2055856047163140E-02  -0.7856524668983268E-06
   0.4350022161090111E+02   0.2591851773091326E+00   0.8916444419980719E-02   0.2702049785420063E+00  -0.2011963382114468E-02  -0.2012664798019419E-02  -0.7014159049507571E-06
   0.4650022161090110E+02   0.2590938089856596E+00   0.8869083617685108E-02   0.2682991654782828E+00  -0.2026971506959813E-02  -0.2025855281635392E-02   0.1116225324420805E-05
   0.4950022161090111E+02   0.2553775547864954E+00   0.8916203492060036E-02   0.2663090906178912E+00  -0.2074777540775851E-02  -0.2073544853422883E-02   0.1232687352968696E-05
   0.5250022161090111E+02   0.2553391607084670E+00   0.8873615811581638E-02   0.2644117826456140E+00  -0.2180097232019966E-02  -0.2180303103638542E-02  -0.2058716185760097E-06
   0.5550022161090111E+02   0.2512800647358479E+00   0.8937886840835862E-02   0.2624223719916745E+00  -0.2296622352001761E-02  -0.2297049423046930E-02  -0.4270710451687726E-06
   0.5850022161090109E+02   0.2515185123886081E+00   0.8910195877335908E-02   0.2605288537163455E+00  -0.2451634481521832E-02  -0.2452500875105530E-02  -0.8663935836977256E-06
   0.6150022161090109E+02   0.2471946831070078E+00   0.8989525075881395E-02   0.2585456974657024E+00  -0.2602538233163489E-02  -0.2603573126051844E-02  -0.1034892888355284E-05
   0.6450022161090111E+02   0.2477471566647384E+00   0.8961336035316904E-02   0.2566772342287736E+00  -0.2768459715617645E-02  -0.2769461304953341E-02  -0.1001589335695736E-05
   0.6750022161090111E+02   0.2431431049218349E+00   0.9051199392003308E-02   0.2547097522295375E+00  -0.2904687013532032E-02  -0.2905682051027363E-02  -0.9950374953307875E-06
   0.7050022161090111E+02   0.2440354342172067E+00   0.9019744900932571E-02   0.2528701343593474E+00  -0.3042391140067898E-02  -0.3043340831813172E-02  -0.9496917452748652E-06
   0.7350022161090111E+02   0.2391123916424122E+00   0.9120649337799104E-02   0.2509194785239923E+00  -0.3146952063024749E-02  -0.3147935659928960E-02  -0.9835969042104944E-06
   0.7650022161090111E+02   0.2404198761071877E+00   0.9079453540382167E-02   0.2491192132370211E+00  -0.3260827120777116E-02  -0.3261828427284549E-02  -0.1001306507433190E-05
   0.7950022161090111E+02   0.2351268738770380E+00   0.9190295838503027E-02   0.2471957793113366E+00  -0.3331905245413795E-02  -0.3333078885284915E-02  -0.1173639871119344E-05
   0.8250022161090112E+02   0.2368255426839927E+00   0.9155412980722923E-02   0.2454396115080509E+00  -0.3440800947063985E-02  -0.3442264466967330E-02  -0.1463519903344927E-05
   0.8550022161090112E+02   0.2312305865661556E+00   0.9285446769394792E-02   0.2435733099933146E+00  -0.3557638094605648E-02  -0.3560008886586013E-02  -0.2370791980364773E-05
   0.8850022161090112E+02   0.2322335797781882E+00   0.9424601646537684E-02   0.2417819186920607E+00  -0.3739939207265634E-02  -0.3745827787949390E-02  -0.5888580683755754E-05
